=============================================================
  RESULTADOS DEL MÉTODO DE DIFERENCIAS FINITAS
=============================================================

-------------------------------------------------------------
  h = 1.00
-------------------------------------------------------------

  Vector de nodos x:
  1.0000  2.0000  3.0000  4.0000  5.0000  6.0000  

  Aproximación numérica y:
  1.000000  0.696962  -0.007582  -0.504510  -0.449563  0.000000  

  Solución exacta y_exacta:
  1.000000  0.558063  -0.084966  -0.474124  -0.392437  -0.000000  

  Error absoluto máximo: 1.3889943165e-01

-------------------------------------------------------------
  h = 0.50
-------------------------------------------------------------

  Vector de nodos x:
  1.0000  1.5000  2.0000  2.5000  3.0000  3.5000  4.0000  4.5000  
  5.0000  5.5000  6.0000  

  Aproximación numérica y:
  1.000000  0.854143  0.587265  0.257347  -0.068735  -0.329229  
  -0.479738  -0.501424  -0.403536  -0.219851  0.000000  

  Solución exacta y_exacta:
  1.000000  0.832339  0.558063  0.231358  -0.084966  -0.333600  
  -0.474124  -0.490366  -0.392437  -0.213184  -0.000000  

  Error absoluto máximo: 2.9202473600e-02

-------------------------------------------------------------
  h = 0.20
-------------------------------------------------------------

  Vector de nodos x:
  1.0000  1.2000  1.4000  1.6000  1.8000  2.0000  2.2000  2.4000  
  2.6000  2.8000  3.0000  3.2000  3.4000  3.6000  3.8000  4.0000  
  4.2000  4.4000  4.6000  4.8000  5.0000  5.2000  5.4000  5.6000  
  5.8000  6.0000  

  Aproximación numérica y:
  1.000000  0.949997  0.878700  0.788289  0.681736  0.562558  
  0.434639  0.302072  0.169015  0.039545  -0.082475  -0.193519  
  -0.290510  -0.370915  -0.432816  -0.474966  -0.496814  -0.498511  
  -0.480887  -0.445409  -0.394115  -0.329533  -0.254574  -0.172429  
  -0.086444  0.000000  

  Solución exacta y_exacta:
  1.000000  0.948323  0.875796  0.784533  0.677461  0.558063  
  0.430185  0.297881  0.165268  0.036380  -0.084966  -0.195286  
  -0.291545  -0.371250  -0.432516  -0.474124  -0.495544  -0.496940  
  -0.479150  -0.443638  -0.392437  -0.328057  -0.253392  -0.171608  
  -0.086027  -0.000000  

  Error absoluto máximo: 4.4947562917e-03

-------------------------------------------------------------
  h = 0.10
-------------------------------------------------------------

  Vector de nodos x:
  1.0000  1.1000  1.2000  1.3000  1.4000  1.5000  1.6000  1.7000  
  1.8000  1.9000  2.0000  2.1000  2.2000  2.3000  2.4000  2.5000  
  2.6000  2.7000  2.8000  2.9000  3.0000  3.1000  3.2000  3.3000  
  3.4000  3.5000  3.6000  3.7000  3.8000  3.9000  4.0000  4.1000  
  4.2000  4.3000  4.4000  4.5000  4.6000  4.7000  4.8000  4.9000  
  5.0000  5.1000  5.2000  5.3000  5.4000  5.5000  5.6000  5.7000  
  5.8000  5.9000  6.0000  

  Aproximación numérica y:
  1.000000  0.977081  0.948740  0.915140  0.876519  0.833179  
  0.785468  0.733775  0.678525  0.620169  0.559181  0.496054  
  0.431292  0.365410  0.298923  0.232350  0.166200  0.100976  
  0.037166  -0.024758  -0.084347  -0.141175  -0.194847  -0.244995  
  -0.291288  -0.333431  -0.371166  -0.404278  -0.432590  -0.455971  
  -0.474332  -0.487629  -0.495859  -0.499064  -0.497330  -0.490780  
  -0.479581  -0.463934  -0.444078  -0.420284  -0.392853  -0.362115  
  -0.328423  -0.292149  -0.253685  -0.213435  -0.171812  -0.129236  
  -0.086130  -0.042913  0.000000  

  Solución exacta y_exacta:
  1.000000  0.976857  0.948323  0.914557  0.875796  0.832339  
  0.784533  0.732766  0.677461  0.619069  0.558063  0.494933  
  0.430185  0.364329  0.297881  0.231358  0.165268  0.100113  
  0.036380  -0.025463  -0.084966  -0.141705  -0.195286  -0.245343  
  -0.291545  -0.333600  -0.371250  -0.404280  -0.432516  -0.455826  
  -0.474124  -0.487363  -0.495544  -0.498708  -0.496940  -0.490366  
  -0.479150  -0.463495  -0.443638  -0.419852  -0.392437  -0.361721  
  -0.328057  -0.291817  -0.253392  -0.213184  -0.171608  -0.129082  
  -0.086027  -0.042861  -0.000000  

  Error absoluto máximo: 1.1201893030e-03

-------------------------------------------------------------
  h = 0.01
-------------------------------------------------------------

  Vector de nodos x:
  1.0000  1.0100  1.0200  1.0300  1.0400  1.0500  1.0600  1.0700  
  1.0800  1.0900  1.1000  1.1100  1.1200  1.1300  1.1400  1.1500  
  1.1600  1.1700  1.1800  1.1900  1.2000  1.2100  1.2200  1.2300  
  1.2400  1.2500  1.2600  1.2700  1.2800  1.2900  1.3000  1.3100  
  1.3200  1.3300  1.3400  1.3500  1.3600  1.3700  1.3800  1.3900  
  1.4000  1.4100  1.4200  1.4300  1.4400  1.4500  1.4600  1.4700  
  1.4800  1.4900  1.5000  1.5100  1.5200  1.5300  1.5400  1.5500  
  1.5600  1.5700  1.5800  1.5900  1.6000  1.6100  1.6200  1.6300  
  1.6400  1.6500  1.6600  1.6700  1.6800  1.6900  1.7000  1.7100  
  1.7200  1.7300  1.7400  1.7500  1.7600  1.7700  1.7800  1.7900  
  1.8000  1.8100  1.8200  1.8300  1.8400  1.8500  1.8600  1.8700  
  1.8800  1.8900  1.9000  1.9100  1.9200  1.9300  1.9400  1.9500  
  1.9600  1.9700  1.9800  1.9900  2.0000  2.0100  2.0200  2.0300  
  2.0400  2.0500  2.0600  2.0700  2.0800  2.0900  2.1000  2.1100  
  2.1200  2.1300  2.1400  2.1500  2.1600  2.1700  2.1800  2.1900  
  2.2000  2.2100  2.2200  2.2300  2.2400  2.2500  2.2600  2.2700  
  2.2800  2.2900  2.3000  2.3100  2.3200  2.3300  2.3400  2.3500  
  2.3600  2.3700  2.3800  2.3900  2.4000  2.4100  2.4200  2.4300  
  2.4400  2.4500  2.4600  2.4700  2.4800  2.4900  2.5000  2.5100  
  2.5200  2.5300  2.5400  2.5500  2.5600  2.5700  2.5800  2.5900  
  2.6000  2.6100  2.6200  2.6300  2.6400  2.6500  2.6600  2.6700  
  2.6800  2.6900  2.7000  2.7100  2.7200  2.7300  2.7400  2.7500  
  2.7600  2.7700  2.7800  2.7900  2.8000  2.8100  2.8200  2.8300  
  2.8400  2.8500  2.8600  2.8700  2.8800  2.8900  2.9000  2.9100  
  2.9200  2.9300  2.9400  2.9500  2.9600  2.9700  2.9800  2.9900  
  3.0000  3.0100  3.0200  3.0300  3.0400  3.0500  3.0600  3.0700  
  3.0800  3.0900  3.1000  3.1100  3.1200  3.1300  3.1400  3.1500  
  3.1600  3.1700  3.1800  3.1900  3.2000  3.2100  3.2200  3.2300  
  3.2400  3.2500  3.2600  3.2700  3.2800  3.2900  3.3000  3.3100  
  3.3200  3.3300  3.3400  3.3500  3.3600  3.3700  3.3800  3.3900  
  3.4000  3.4100  3.4200  3.4300  3.4400  3.4500  3.4600  3.4700  
  3.4800  3.4900  3.5000  3.5100  3.5200  3.5300  3.5400  3.5500  
  3.5600  3.5700  3.5800  3.5900  3.6000  3.6100  3.6200  3.6300  
  3.6400  3.6500  3.6600  3.6700  3.6800  3.6900  3.7000  3.7100  
  3.7200  3.7300  3.7400  3.7500  3.7600  3.7700  3.7800  3.7900  
  3.8000  3.8100  3.8200  3.8300  3.8400  3.8500  3.8600  3.8700  
  3.8800  3.8900  3.9000  3.9100  3.9200  3.9300  3.9400  3.9500  
  3.9600  3.9700  3.9800  3.9900  4.0000  4.0100  4.0200  4.0300  
  4.0400  4.0500  4.0600  4.0700  4.0800  4.0900  4.1000  4.1100  
  4.1200  4.1300  4.1400  4.1500  4.1600  4.1700  4.1800  4.1900  
  4.2000  4.2100  4.2200  4.2300  4.2400  4.2500  4.2600  4.2700  
  4.2800  4.2900  4.3000  4.3100  4.3200  4.3300  4.3400  4.3500  
  4.3600  4.3700  4.3800  4.3900  4.4000  4.4100  4.4200  4.4300  
  4.4400  4.4500  4.4600  4.4700  4.4800  4.4900  4.5000  4.5100  
  4.5200  4.5300  4.5400  4.5500  4.5600  4.5700  4.5800  4.5900  
  4.6000  4.6100  4.6200  4.6300  4.6400  4.6500  4.6600  4.6700  
  4.6800  4.6900  4.7000  4.7100  4.7200  4.7300  4.7400  4.7500  
  4.7600  4.7700  4.7800  4.7900  4.8000  4.8100  4.8200  4.8300  
  4.8400  4.8500  4.8600  4.8700  4.8800  4.8900  4.9000  4.9100  
  4.9200  4.9300  4.9400  4.9500  4.9600  4.9700  4.9800  4.9900  
  5.0000  5.0100  5.0200  5.0300  5.0400  5.0500  5.0600  5.0700  
  5.0800  5.0900  5.1000  5.1100  5.1200  5.1300  5.1400  5.1500  
  5.1600  5.1700  5.1800  5.1900  5.2000  5.2100  5.2200  5.2300  
  5.2400  5.2500  5.2600  5.2700  5.2800  5.2900  5.3000  5.3100  
  5.3200  5.3300  5.3400  5.3500  5.3600  5.3700  5.3800  5.3900  
  5.4000  5.4100  5.4200  5.4300  5.4400  5.4500  5.4600  5.4700  
  5.4800  5.4900  5.5000  5.5100  5.5200  5.5300  5.5400  5.5500  
  5.5600  5.5700  5.5800  5.5900  5.6000  5.6100  5.6200  5.6300  
  5.6400  5.6500  5.6600  5.6700  5.6800  5.6900  5.7000  5.7100  
  5.7200  5.7300  5.7400  5.7500  5.7600  5.7700  5.7800  5.7900  
  5.8000  5.8100  5.8200  5.8300  5.8400  5.8500  5.8600  5.8700  
  5.8800  5.8900  5.9000  5.9100  5.9200  5.9300  5.9400  5.9500  
  5.9600  5.9700  5.9800  5.9900  6.0000  

  Aproximación numérica y:
  1.000000  0.997931  0.995808  0.993630  0.991397  0.989110  
  0.986768  0.984372  0.981922  0.979418  0.976859  0.974247  
  0.971580  0.968860  0.966086  0.963259  0.960379  0.957445  
  0.954458  0.951419  0.948327  0.945183  0.941986  0.938738  
  0.935437  0.932086  0.928683  0.925228  0.921724  0.918168  
  0.914563  0.910907  0.907202  0.903447  0.899643  0.895790  
  0.891889  0.887939  0.883941  0.879896  0.875803  0.871664  
  0.867477  0.863245  0.858966  0.854642  0.850272  0.845857  
  0.841398  0.836895  0.832347  0.827756  0.823122  0.818445  
  0.813726  0.808965  0.804162  0.799318  0.794433  0.789508  
  0.784542  0.779537  0.774493  0.769410  0.764288  0.759129  
  0.753931  0.748697  0.743426  0.738119  0.732776  0.727398  
  0.721984  0.716536  0.711054  0.705539  0.699990  0.694408  
  0.688795  0.683149  0.677472  0.671764  0.666026  0.660258  
  0.654460  0.648633  0.642778  0.636894  0.630983  0.625045  
  0.619080  0.613089  0.607073  0.601031  0.594964  0.588874  
  0.582759  0.576622  0.570461  0.564279  0.558074  0.551849  
  0.545602  0.539336  0.533049  0.526744  0.520419  0.514077  
  0.507716  0.501339  0.494945  0.488534  0.482108  0.475667  
  0.469211  0.462741  0.456257  0.449760  0.443251  0.436729  
  0.430196  0.423651  0.417097  0.410532  0.403957  0.397374  
  0.390782  0.384182  0.377575  0.370960  0.364339  0.357713  
  0.351081  0.344444  0.337802  0.331157  0.324509  0.317857  
  0.311204  0.304548  0.297892  0.291234  0.284577  0.277919  
  0.271263  0.264607  0.257954  0.251303  0.244654  0.238009  
  0.231368  0.224731  0.218099  0.211472  0.204851  0.198237  
  0.191629  0.185029  0.178437  0.171853  0.165278  0.158712  
  0.152156  0.145610  0.139076  0.132552  0.126041  0.119541  
  0.113055  0.106581  0.100122  0.093676  0.087246  0.080830  
  0.074431  0.068047  0.061680  0.055330  0.048998  0.042683  
  0.036387  0.030110  0.023853  0.017615  0.011398  0.005201  
  -0.000975  -0.007129  -0.013260  -0.019370  -0.025456  -0.031519  
  -0.037558  -0.043572  -0.049562  -0.055527  -0.061467  -0.067380  
  -0.073267  -0.079127  -0.084960  -0.090765  -0.096542  -0.102290  
  -0.108010  -0.113701  -0.119361  -0.124992  -0.130592  -0.136162  
  -0.141700  -0.147206  -0.152681  -0.158123  -0.163533  -0.168909  
  -0.174252  -0.179561  -0.184836  -0.190076  -0.195281  -0.200451  
  -0.205586  -0.210684  -0.215746  -0.220772  -0.225761  -0.230712  
  -0.235626  -0.240502  -0.245339  -0.250138  -0.254898  -0.259619  
  -0.264300  -0.268942  -0.273543  -0.278105  -0.282625  -0.287104  
  -0.291543  -0.295939  -0.300294  -0.304607  -0.308878  -0.313106  
  -0.317291  -0.321433  -0.325532  -0.329587  -0.333598  -0.337565  
  -0.341488  -0.345366  -0.349200  -0.352988  -0.356732  -0.360430  
  -0.364082  -0.367688  -0.371249  -0.374763  -0.378231  -0.381652  
  -0.385026  -0.388354  -0.391634  -0.394867  -0.398052  -0.401190  
  -0.404280  -0.407322  -0.410315  -0.413261  -0.416158  -0.419007  
  -0.421806  -0.424558  -0.427260  -0.429913  -0.432517  -0.435071  
  -0.437576  -0.440032  -0.442438  -0.444794  -0.447101  -0.449358  
  -0.451565  -0.453721  -0.455828  -0.457884  -0.459891  -0.461847  
  -0.463752  -0.465607  -0.467412  -0.469166  -0.470870  -0.472523  
  -0.474126  -0.475678  -0.477179  -0.478630  -0.480030  -0.481379  
  -0.482678  -0.483926  -0.485123  -0.486270  -0.487366  -0.488411  
  -0.489406  -0.490350  -0.491244  -0.492087  -0.492880  -0.493622  
  -0.494314  -0.494956  -0.495547  -0.496088  -0.496579  -0.497020  
  -0.497411  -0.497752  -0.498043  -0.498285  -0.498477  -0.498619  
  -0.498712  -0.498755  -0.498749  -0.498694  -0.498590  -0.498437  
  -0.498236  -0.497986  -0.497687  -0.497340  -0.496944  -0.496501  
  -0.496009  -0.495470  -0.494883  -0.494248  -0.493567  -0.492838  
  -0.492062  -0.491239  -0.490370  -0.489454  -0.488492  -0.487484  
  -0.486430  -0.485330  -0.484185  -0.482995  -0.481759  -0.480479  
  -0.479154  -0.477785  -0.476371  -0.474913  -0.473412  -0.471867  
  -0.470279  -0.468648  -0.466974  -0.465258  -0.463499  -0.461698  
  -0.459856  -0.457972  -0.456046  -0.454080  -0.452073  -0.450025  
  -0.447938  -0.445810  -0.443643  -0.441436  -0.439191  -0.436906  
  -0.434584  -0.432223  -0.429824  -0.427388  -0.424914  -0.422404  
  -0.419856  -0.417273  -0.414654  -0.411998  -0.409308  -0.406582  
  -0.403822  -0.401028  -0.398199  -0.395337  -0.392441  -0.389512  
  -0.386551  -0.383557  -0.380531  -0.377474  -0.374385  -0.371266  
  -0.368116  -0.364935  -0.361725  -0.358485  -0.355216  -0.351918  
  -0.348592  -0.345238  -0.341856  -0.338447  -0.335011  -0.331549  
  -0.328060  -0.324546  -0.321006  -0.317441  -0.313852  -0.310238  
  -0.306601  -0.302940  -0.299256  -0.295549  -0.291820  -0.288069  
  -0.284297  -0.280504  -0.276690  -0.272856  -0.269002  -0.265128  
  -0.261235  -0.257324  -0.253395  -0.249447  -0.245483  -0.241501  
  -0.237502  -0.233488  -0.229458  -0.225412  -0.221351  -0.217276  
  -0.213187  -0.209084  -0.204968  -0.200839  -0.196697  -0.192544  
  -0.188378  -0.184202  -0.180015  -0.175818  -0.171610  -0.167393  
  -0.163167  -0.158933  -0.154690  -0.150439  -0.146181  -0.141916  
  -0.137645  -0.133367  -0.129083  -0.124795  -0.120501  -0.116203  
  -0.111901  -0.107595  -0.103287  -0.098975  -0.094661  -0.090345  
  -0.086028  -0.081709  -0.077390  -0.073070  -0.068751  -0.064432  
  -0.060115  -0.055798  -0.051484  -0.047172  -0.042862  -0.038555  
  -0.034252  -0.029953  -0.025658  -0.021367  -0.017082  -0.012802  
  -0.008528  -0.004261  0.000000  

  Solución exacta y_exacta:
  1.000000  0.997931  0.995807  0.993629  0.991396  0.989109  
  0.986767  0.984371  0.981920  0.979416  0.976857  0.974244  
  0.971578  0.968857  0.966083  0.963256  0.960375  0.957441  
  0.954454  0.951415  0.948323  0.945178  0.941982  0.938733  
  0.935432  0.932081  0.928677  0.925223  0.921718  0.918163  
  0.914557  0.910901  0.907195  0.903441  0.899636  0.895783  
  0.891882  0.887932  0.883934  0.879889  0.875796  0.871656  
  0.867470  0.863237  0.858958  0.854634  0.850264  0.845849  
  0.841390  0.836886  0.832339  0.827748  0.823114  0.818437  
  0.813717  0.808956  0.804153  0.799309  0.794424  0.789498  
  0.784533  0.779528  0.774483  0.769400  0.764278  0.759119  
  0.753922  0.748687  0.743416  0.738109  0.732766  0.727388  
  0.721974  0.716526  0.711044  0.705528  0.699980  0.694398  
  0.688784  0.683138  0.677461  0.671754  0.666015  0.660247  
  0.654449  0.648622  0.642767  0.636883  0.630972  0.625034  
  0.619069  0.613078  0.607062  0.601020  0.594953  0.588863  
  0.582748  0.576610  0.570450  0.564267  0.558063  0.551837  
  0.545591  0.539324  0.533038  0.526732  0.520408  0.514066  
  0.507705  0.501328  0.494933  0.488523  0.482097  0.475656  
  0.469200  0.462730  0.456246  0.449749  0.443239  0.436718  
  0.430185  0.423640  0.417086  0.410521  0.403946  0.397363  
  0.390771  0.384171  0.377564  0.370949  0.364329  0.357702  
  0.351070  0.344433  0.337792  0.331147  0.324498  0.317847  
  0.311193  0.304538  0.297881  0.291224  0.284566  0.277909  
  0.271252  0.264597  0.257944  0.251293  0.244644  0.237999  
  0.231358  0.224721  0.218089  0.211463  0.204842  0.198227  
  0.191620  0.185020  0.178427  0.171843  0.165268  0.158703  
  0.152147  0.145601  0.139067  0.132543  0.126032  0.119532  
  0.113046  0.106573  0.100113  0.093668  0.087237  0.080822  
  0.074422  0.068039  0.061672  0.055322  0.048990  0.042675  
  0.036380  0.030103  0.023845  0.017607  0.011390  0.005193  
  -0.000982  -0.007136  -0.013268  -0.019377  -0.025463  -0.031526  
  -0.037565  -0.043579  -0.049569  -0.055534  -0.061473  -0.067386  
  -0.073273  -0.079133  -0.084966  -0.090771  -0.096548  -0.102296  
  -0.108016  -0.113706  -0.119367  -0.124998  -0.130598  -0.136167  
  -0.141705  -0.147212  -0.152686  -0.158128  -0.163538  -0.168914  
  -0.174257  -0.179565  -0.184840  -0.190080  -0.195286  -0.200456  
  -0.205590  -0.210688  -0.215750  -0.220776  -0.225764  -0.230716  
  -0.235629  -0.240505  -0.245343  -0.250141  -0.254901  -0.259622  
  -0.264303  -0.268945  -0.273546  -0.278107  -0.282628  -0.287107  
  -0.291545  -0.295942  -0.300297  -0.304610  -0.308880  -0.313108  
  -0.317293  -0.321435  -0.325534  -0.329589  -0.333600  -0.337567  
  -0.341490  -0.345368  -0.349201  -0.352990  -0.356733  -0.360431  
  -0.364083  -0.367689  -0.371250  -0.374764  -0.378231  -0.381653  
  -0.385027  -0.388354  -0.391634  -0.394867  -0.398052  -0.401190  
  -0.404280  -0.407322  -0.410315  -0.413261  -0.416158  -0.419006  
  -0.421806  -0.424557  -0.427259  -0.429912  -0.432516  -0.435070  
  -0.437575  -0.440031  -0.442437  -0.444793  -0.447100  -0.449357  
  -0.451563  -0.453720  -0.455826  -0.457883  -0.459889  -0.461845  
  -0.463750  -0.465606  -0.467410  -0.469164  -0.470868  -0.472521  
  -0.474124  -0.475676  -0.477177  -0.478627  -0.480027  -0.481377  
  -0.482675  -0.483923  -0.485121  -0.486267  -0.487363  -0.488408  
  -0.489403  -0.490347  -0.491241  -0.492084  -0.492877  -0.493619  
  -0.494311  -0.494953  -0.495544  -0.496085  -0.496576  -0.497017  
  -0.497408  -0.497749  -0.498040  -0.498281  -0.498473  -0.498615  
  -0.498708  -0.498751  -0.498746  -0.498691  -0.498587  -0.498434  
  -0.498232  -0.497982  -0.497683  -0.497336  -0.496940  -0.496497  
  -0.496005  -0.495466  -0.494879  -0.494244  -0.493563  -0.492834  
  -0.492058  -0.491235  -0.490366  -0.489450  -0.488488  -0.487480  
  -0.486426  -0.485326  -0.484181  -0.482991  -0.481755  -0.480475  
  -0.479150  -0.477780  -0.476367  -0.474909  -0.473408  -0.471863  
  -0.470275  -0.468644  -0.466970  -0.465253  -0.463495  -0.461694  
  -0.459851  -0.457967  -0.456042  -0.454075  -0.452068  -0.450021  
  -0.447933  -0.445806  -0.443638  -0.441432  -0.439186  -0.436902  
  -0.434579  -0.432218  -0.429820  -0.427383  -0.424910  -0.422399  
  -0.419852  -0.417269  -0.414649  -0.411994  -0.409304  -0.406578  
  -0.403818  -0.401023  -0.398195  -0.395333  -0.392437  -0.389508  
  -0.386547  -0.383553  -0.380527  -0.377470  -0.374381  -0.371262  
  -0.368112  -0.364931  -0.361721  -0.358481  -0.355212  -0.351915  
  -0.348589  -0.345234  -0.341853  -0.338444  -0.335008  -0.331545  
  -0.328057  -0.324542  -0.321002  -0.317438  -0.313848  -0.310235  
  -0.306597  -0.302936  -0.299252  -0.295546  -0.291817  -0.288066  
  -0.284294  -0.280501  -0.276687  -0.272853  -0.268998  -0.265125  
  -0.261232  -0.257321  -0.253392  -0.249444  -0.245480  -0.241498  
  -0.237500  -0.233485  -0.229455  -0.225409  -0.221349  -0.217274  
  -0.213184  -0.209082  -0.204965  -0.200836  -0.196695  -0.192541  
  -0.188376  -0.184200  -0.180013  -0.175816  -0.171608  -0.167391  
  -0.163165  -0.158931  -0.154688  -0.150438  -0.146180  -0.141915  
  -0.137643  -0.133365  -0.129082  -0.124793  -0.120500  -0.116202  
  -0.111900  -0.107594  -0.103285  -0.098974  -0.094660  -0.090344  
  -0.086027  -0.081708  -0.077389  -0.073070  -0.068750  -0.064432  
  -0.060114  -0.055798  -0.051483  -0.047171  -0.042861  -0.038555  
  -0.034252  -0.029952  -0.025657  -0.021367  -0.017082  -0.012802  
  -0.008528  -0.004261  -0.000000  

  Error absoluto máximo: 1.1191912421e-05

warning: legend: 'best' not yet implemented for location specifier, using 'northeast' instead
Gráfica guardada como grafica_edo2.png

=============================================================
  TABLA RESUMEN DE ERRORES MÁXIMOS
=============================================================
  h            | n        | Error máximo absoluto
  -------------|----------|----------------------
  1.00         | 5        | 1.3889943165e-01
  0.50         | 10       | 2.9202473600e-02
  0.20         | 25       | 4.4947562917e-03
  0.10         | 50       | 1.1201893030e-03
  0.01         | 500      | 1.1191912421e-05
=============================================================
=============================================================
  RESULTADOS DEL MÉTODO DE DIFERENCIAS FINITAS
=============================================================

-------------------------------------------------------------
  h = 1.00
-------------------------------------------------------------

  Vector de nodos x:
  1.0000  2.0000  3.0000  4.0000  5.0000  6.0000  

  Aproximación numérica y:
  1.000000  0.696962  -0.007582  -0.504510  -0.449563  0.000000  

  Solución exacta y_exacta:
  1.000000  0.558063  -0.084966  -0.474124  -0.392437  -0.000000  

  Error absoluto máximo: 1.3889943165e-01

-------------------------------------------------------------
  h = 0.50
-------------------------------------------------------------

  Vector de nodos x:
  1.0000  1.5000  2.0000  2.5000  3.0000  3.5000  4.0000  4.5000  
  5.0000  5.5000  6.0000  

  Aproximación numérica y:
  1.000000  0.854143  0.587265  0.257347  -0.068735  -0.329229  
  -0.479738  -0.501424  -0.403536  -0.219851  0.000000  

  Solución exacta y_exacta:
  1.000000  0.832339  0.558063  0.231358  -0.084966  -0.333600  
  -0.474124  -0.490366  -0.392437  -0.213184  -0.000000  

  Error absoluto máximo: 2.9202473600e-02

-------------------------------------------------------------
  h = 0.20
-------------------------------------------------------------

  Vector de nodos x:
  1.0000  1.2000  1.4000  1.6000  1.8000  2.0000  2.2000  2.4000  
  2.6000  2.8000  3.0000  3.2000  3.4000  3.6000  3.8000  4.0000  
  4.2000  4.4000  4.6000  4.8000  5.0000  5.2000  5.4000  5.6000  
  5.8000  6.0000  

  Aproximación numérica y:
  1.000000  0.949997  0.878700  0.788289  0.681736  0.562558  
  0.434639  0.302072  0.169015  0.039545  -0.082475  -0.193519  
  -0.290510  -0.370915  -0.432816  -0.474966  -0.496814  -0.498511  
  -0.480887  -0.445409  -0.394115  -0.329533  -0.254574  -0.172429  
  -0.086444  0.000000  

  Solución exacta y_exacta:
  1.000000  0.948323  0.875796  0.784533  0.677461  0.558063  
  0.430185  0.297881  0.165268  0.036380  -0.084966  -0.195286  
  -0.291545  -0.371250  -0.432516  -0.474124  -0.495544  -0.496940  
  -0.479150  -0.443638  -0.392437  -0.328057  -0.253392  -0.171608  
  -0.086027  -0.000000  

  Error absoluto máximo: 4.4947562917e-03

-------------------------------------------------------------
  h = 0.10
-------------------------------------------------------------

  Vector de nodos x:
  1.0000  1.1000  1.2000  1.3000  1.4000  1.5000  1.6000  1.7000  
  1.8000  1.9000  2.0000  2.1000  2.2000  2.3000  2.4000  2.5000  
  2.6000  2.7000  2.8000  2.9000  3.0000  3.1000  3.2000  3.3000  
  3.4000  3.5000  3.6000  3.7000  3.8000  3.9000  4.0000  4.1000  
  4.2000  4.3000  4.4000  4.5000  4.6000  4.7000  4.8000  4.9000  
  5.0000  5.1000  5.2000  5.3000  5.4000  5.5000  5.6000  5.7000  
  5.8000  5.9000  6.0000  

  Aproximación numérica y:
  1.000000  0.977081  0.948740  0.915140  0.876519  0.833179  
  0.785468  0.733775  0.678525  0.620169  0.559181  0.496054  
  0.431292  0.365410  0.298923  0.232350  0.166200  0.100976  
  0.037166  -0.024758  -0.084347  -0.141175  -0.194847  -0.244995  
  -0.291288  -0.333431  -0.371166  -0.404278  -0.432590  -0.455971  
  -0.474332  -0.487629  -0.495859  -0.499064  -0.497330  -0.490780  
  -0.479581  -0.463934  -0.444078  -0.420284  -0.392853  -0.362115  
  -0.328423  -0.292149  -0.253685  -0.213435  -0.171812  -0.129236  
  -0.086130  -0.042913  0.000000  

  Solución exacta y_exacta:
  1.000000  0.976857  0.948323  0.914557  0.875796  0.832339  
  0.784533  0.732766  0.677461  0.619069  0.558063  0.494933  
  0.430185  0.364329  0.297881  0.231358  0.165268  0.100113  
  0.036380  -0.025463  -0.084966  -0.141705  -0.195286  -0.245343  
  -0.291545  -0.333600  -0.371250  -0.404280  -0.432516  -0.455826  
  -0.474124  -0.487363  -0.495544  -0.498708  -0.496940  -0.490366  
  -0.479150  -0.463495  -0.443638  -0.419852  -0.392437  -0.361721  
  -0.328057  -0.291817  -0.253392  -0.213184  -0.171608  -0.129082  
  -0.086027  -0.042861  -0.000000  

  Error absoluto máximo: 1.1201893030e-03

-------------------------------------------------------------
  h = 0.01
-------------------------------------------------------------

  Vector de nodos x:
  1.0000  1.0100  1.0200  1.0300  1.0400  1.0500  1.0600  1.0700  
  1.0800  1.0900  1.1000  1.1100  1.1200  1.1300  1.1400  1.1500  
  1.1600  1.1700  1.1800  1.1900  1.2000  1.2100  1.2200  1.2300  
  1.2400  1.2500  1.2600  1.2700  1.2800  1.2900  1.3000  1.3100  
  1.3200  1.3300  1.3400  1.3500  1.3600  1.3700  1.3800  1.3900  
  1.4000  1.4100  1.4200  1.4300  1.4400  1.4500  1.4600  1.4700  
  1.4800  1.4900  1.5000  1.5100  1.5200  1.5300  1.5400  1.5500  
  1.5600  1.5700  1.5800  1.5900  1.6000  1.6100  1.6200  1.6300  
  1.6400  1.6500  1.6600  1.6700  1.6800  1.6900  1.7000  1.7100  
  1.7200  1.7300  1.7400  1.7500  1.7600  1.7700  1.7800  1.7900  
  1.8000  1.8100  1.8200  1.8300  1.8400  1.8500  1.8600  1.8700  
  1.8800  1.8900  1.9000  1.9100  1.9200  1.9300  1.9400  1.9500  
  1.9600  1.9700  1.9800  1.9900  2.0000  2.0100  2.0200  2.0300  
  2.0400  2.0500  2.0600  2.0700  2.0800  2.0900  2.1000  2.1100  
  2.1200  2.1300  2.1400  2.1500  2.1600  2.1700  2.1800  2.1900  
  2.2000  2.2100  2.2200  2.2300  2.2400  2.2500  2.2600  2.2700  
  2.2800  2.2900  2.3000  2.3100  2.3200  2.3300  2.3400  2.3500  
  2.3600  2.3700  2.3800  2.3900  2.4000  2.4100  2.4200  2.4300  
  2.4400  2.4500  2.4600  2.4700  2.4800  2.4900  2.5000  2.5100  
  2.5200  2.5300  2.5400  2.5500  2.5600  2.5700  2.5800  2.5900  
  2.6000  2.6100  2.6200  2.6300  2.6400  2.6500  2.6600  2.6700  
  2.6800  2.6900  2.7000  2.7100  2.7200  2.7300  2.7400  2.7500  
  2.7600  2.7700  2.7800  2.7900  2.8000  2.8100  2.8200  2.8300  
  2.8400  2.8500  2.8600  2.8700  2.8800  2.8900  2.9000  2.9100  
  2.9200  2.9300  2.9400  2.9500  2.9600  2.9700  2.9800  2.9900  
  3.0000  3.0100  3.0200  3.0300  3.0400  3.0500  3.0600  3.0700  
  3.0800  3.0900  3.1000  3.1100  3.1200  3.1300  3.1400  3.1500  
  3.1600  3.1700  3.1800  3.1900  3.2000  3.2100  3.2200  3.2300  
  3.2400  3.2500  3.2600  3.2700  3.2800  3.2900  3.3000  3.3100  
  3.3200  3.3300  3.3400  3.3500  3.3600  3.3700  3.3800  3.3900  
  3.4000  3.4100  3.4200  3.4300  3.4400  3.4500  3.4600  3.4700  
  3.4800  3.4900  3.5000  3.5100  3.5200  3.5300  3.5400  3.5500  
  3.5600  3.5700  3.5800  3.5900  3.6000  3.6100  3.6200  3.6300  
  3.6400  3.6500  3.6600  3.6700  3.6800  3.6900  3.7000  3.7100  
  3.7200  3.7300  3.7400  3.7500  3.7600  3.7700  3.7800  3.7900  
  3.8000  3.8100  3.8200  3.8300  3.8400  3.8500  3.8600  3.8700  
  3.8800  3.8900  3.9000  3.9100  3.9200  3.9300  3.9400  3.9500  
  3.9600  3.9700  3.9800  3.9900  4.0000  4.0100  4.0200  4.0300  
  4.0400  4.0500  4.0600  4.0700  4.0800  4.0900  4.1000  4.1100  
  4.1200  4.1300  4.1400  4.1500  4.1600  4.1700  4.1800  4.1900  
  4.2000  4.2100  4.2200  4.2300  4.2400  4.2500  4.2600  4.2700  
  4.2800  4.2900  4.3000  4.3100  4.3200  4.3300  4.3400  4.3500  
  4.3600  4.3700  4.3800  4.3900  4.4000  4.4100  4.4200  4.4300  
  4.4400  4.4500  4.4600  4.4700  4.4800  4.4900  4.5000  4.5100  
  4.5200  4.5300  4.5400  4.5500  4.5600  4.5700  4.5800  4.5900  
  4.6000  4.6100  4.6200  4.6300  4.6400  4.6500  4.6600  4.6700  
  4.6800  4.6900  4.7000  4.7100  4.7200  4.7300  4.7400  4.7500  
  4.7600  4.7700  4.7800  4.7900  4.8000  4.8100  4.8200  4.8300  
  4.8400  4.8500  4.8600  4.8700  4.8800  4.8900  4.9000  4.9100  
  4.9200  4.9300  4.9400  4.9500  4.9600  4.9700  4.9800  4.9900  
  5.0000  5.0100  5.0200  5.0300  5.0400  5.0500  5.0600  5.0700  
  5.0800  5.0900  5.1000  5.1100  5.1200  5.1300  5.1400  5.1500  
  5.1600  5.1700  5.1800  5.1900  5.2000  5.2100  5.2200  5.2300  
  5.2400  5.2500  5.2600  5.2700  5.2800  5.2900  5.3000  5.3100  
  5.3200  5.3300  5.3400  5.3500  5.3600  5.3700  5.3800  5.3900  
  5.4000  5.4100  5.4200  5.4300  5.4400  5.4500  5.4600  5.4700  
  5.4800  5.4900  5.5000  5.5100  5.5200  5.5300  5.5400  5.5500  
  5.5600  5.5700  5.5800  5.5900  5.6000  5.6100  5.6200  5.6300  
  5.6400  5.6500  5.6600  5.6700  5.6800  5.6900  5.7000  5.7100  
  5.7200  5.7300  5.7400  5.7500  5.7600  5.7700  5.7800  5.7900  
  5.8000  5.8100  5.8200  5.8300  5.8400  5.8500  5.8600  5.8700  
  5.8800  5.8900  5.9000  5.9100  5.9200  5.9300  5.9400  5.9500  
  5.9600  5.9700  5.9800  5.9900  6.0000  

  Aproximación numérica y:
  1.000000  0.997931  0.995808  0.993630  0.991397  0.989110  
  0.986768  0.984372  0.981922  0.979418  0.976859  0.974247  
  0.971580  0.968860  0.966086  0.963259  0.960379  0.957445  
  0.954458  0.951419  0.948327  0.945183  0.941986  0.938738  
  0.935437  0.932086  0.928683  0.925228  0.921724  0.918168  
  0.914563  0.910907  0.907202  0.903447  0.899643  0.895790  
  0.891889  0.887939  0.883941  0.879896  0.875803  0.871664  
  0.867477  0.863245  0.858966  0.854642  0.850272  0.845857  
  0.841398  0.836895  0.832347  0.827756  0.823122  0.818445  
  0.813726  0.808965  0.804162  0.799318  0.794433  0.789508  
  0.784542  0.779537  0.774493  0.769410  0.764288  0.759129  
  0.753931  0.748697  0.743426  0.738119  0.732776  0.727398  
  0.721984  0.716536  0.711054  0.705539  0.699990  0.694408  
  0.688795  0.683149  0.677472  0.671764  0.666026  0.660258  
  0.654460  0.648633  0.642778  0.636894  0.630983  0.625045  
  0.619080  0.613089  0.607073  0.601031  0.594964  0.588874  
  0.582759  0.576622  0.570461  0.564279  0.558074  0.551849  
  0.545602  0.539336  0.533049  0.526744  0.520419  0.514077  
  0.507716  0.501339  0.494945  0.488534  0.482108  0.475667  
  0.469211  0.462741  0.456257  0.449760  0.443251  0.436729  
  0.430196  0.423651  0.417097  0.410532  0.403957  0.397374  
  0.390782  0.384182  0.377575  0.370960  0.364339  0.357713  
  0.351081  0.344444  0.337802  0.331157  0.324509  0.317857  
  0.311204  0.304548  0.297892  0.291234  0.284577  0.277919  
  0.271263  0.264607  0.257954  0.251303  0.244654  0.238009  
  0.231368  0.224731  0.218099  0.211472  0.204851  0.198237  
  0.191629  0.185029  0.178437  0.171853  0.165278  0.158712  
  0.152156  0.145610  0.139076  0.132552  0.126041  0.119541  
  0.113055  0.106581  0.100122  0.093676  0.087246  0.080830  
  0.074431  0.068047  0.061680  0.055330  0.048998  0.042683  
  0.036387  0.030110  0.023853  0.017615  0.011398  0.005201  
  -0.000975  -0.007129  -0.013260  -0.019370  -0.025456  -0.031519  
  -0.037558  -0.043572  -0.049562  -0.055527  -0.061467  -0.067380  
  -0.073267  -0.079127  -0.084960  -0.090765  -0.096542  -0.102290  
  -0.108010  -0.113701  -0.119361  -0.124992  -0.130592  -0.136162  
  -0.141700  -0.147206  -0.152681  -0.158123  -0.163533  -0.168909  
  -0.174252  -0.179561  -0.184836  -0.190076  -0.195281  -0.200451  
  -0.205586  -0.210684  -0.215746  -0.220772  -0.225761  -0.230712  
  -0.235626  -0.240502  -0.245339  -0.250138  -0.254898  -0.259619  
  -0.264300  -0.268942  -0.273543  -0.278105  -0.282625  -0.287104  
  -0.291543  -0.295939  -0.300294  -0.304607  -0.308878  -0.313106  
  -0.317291  -0.321433  -0.325532  -0.329587  -0.333598  -0.337565  
  -0.341488  -0.345366  -0.349200  -0.352988  -0.356732  -0.360430  
  -0.364082  -0.367688  -0.371249  -0.374763  -0.378231  -0.381652  
  -0.385026  -0.388354  -0.391634  -0.394867  -0.398052  -0.401190  
  -0.404280  -0.407322  -0.410315  -0.413261  -0.416158  -0.419007  
  -0.421806  -0.424558  -0.427260  -0.429913  -0.432517  -0.435071  
  -0.437576  -0.440032  -0.442438  -0.444794  -0.447101  -0.449358  
  -0.451565  -0.453721  -0.455828  -0.457884  -0.459891  -0.461847  
  -0.463752  -0.465607  -0.467412  -0.469166  -0.470870  -0.472523  
  -0.474126  -0.475678  -0.477179  -0.478630  -0.480030  -0.481379  
  -0.482678  -0.483926  -0.485123  -0.486270  -0.487366  -0.488411  
  -0.489406  -0.490350  -0.491244  -0.492087  -0.492880  -0.493622  
  -0.494314  -0.494956  -0.495547  -0.496088  -0.496579  -0.497020  
  -0.497411  -0.497752  -0.498043  -0.498285  -0.498477  -0.498619  
  -0.498712  -0.498755  -0.498749  -0.498694  -0.498590  -0.498437  
  -0.498236  -0.497986  -0.497687  -0.497340  -0.496944  -0.496501  
  -0.496009  -0.495470  -0.494883  -0.494248  -0.493567  -0.492838  
  -0.492062  -0.491239  -0.490370  -0.489454  -0.488492  -0.487484  
  -0.486430  -0.485330  -0.484185  -0.482995  -0.481759  -0.480479  
  -0.479154  -0.477785  -0.476371  -0.474913  -0.473412  -0.471867  
  -0.470279  -0.468648  -0.466974  -0.465258  -0.463499  -0.461698  
  -0.459856  -0.457972  -0.456046  -0.454080  -0.452073  -0.450025  
  -0.447938  -0.445810  -0.443643  -0.441436  -0.439191  -0.436906  
  -0.434584  -0.432223  -0.429824  -0.427388  -0.424914  -0.422404  
  -0.419856  -0.417273  -0.414654  -0.411998  -0.409308  -0.406582  
  -0.403822  -0.401028  -0.398199  -0.395337  -0.392441  -0.389512  
  -0.386551  -0.383557  -0.380531  -0.377474  -0.374385  -0.371266  
  -0.368116  -0.364935  -0.361725  -0.358485  -0.355216  -0.351918  
  -0.348592  -0.345238  -0.341856  -0.338447  -0.335011  -0.331549  
  -0.328060  -0.324546  -0.321006  -0.317441  -0.313852  -0.310238  
  -0.306601  -0.302940  -0.299256  -0.295549  -0.291820  -0.288069  
  -0.284297  -0.280504  -0.276690  -0.272856  -0.269002  -0.265128  
  -0.261235  -0.257324  -0.253395  -0.249447  -0.245483  -0.241501  
  -0.237502  -0.233488  -0.229458  -0.225412  -0.221351  -0.217276  
  -0.213187  -0.209084  -0.204968  -0.200839  -0.196697  -0.192544  
  -0.188378  -0.184202  -0.180015  -0.175818  -0.171610  -0.167393  
  -0.163167  -0.158933  -0.154690  -0.150439  -0.146181  -0.141916  
  -0.137645  -0.133367  -0.129083  -0.124795  -0.120501  -0.116203  
  -0.111901  -0.107595  -0.103287  -0.098975  -0.094661  -0.090345  
  -0.086028  -0.081709  -0.077390  -0.073070  -0.068751  -0.064432  
  -0.060115  -0.055798  -0.051484  -0.047172  -0.042862  -0.038555  
  -0.034252  -0.029953  -0.025658  -0.021367  -0.017082  -0.012802  
  -0.008528  -0.004261  0.000000  

  Solución exacta y_exacta:
  1.000000  0.997931  0.995807  0.993629  0.991396  0.989109  
  0.986767  0.984371  0.981920  0.979416  0.976857  0.974244  
  0.971578  0.968857  0.966083  0.963256  0.960375  0.957441  
  0.954454  0.951415  0.948323  0.945178  0.941982  0.938733  
  0.935432  0.932081  0.928677  0.925223  0.921718  0.918163  
  0.914557  0.910901  0.907195  0.903441  0.899636  0.895783  
  0.891882  0.887932  0.883934  0.879889  0.875796  0.871656  
  0.867470  0.863237  0.858958  0.854634  0.850264  0.845849  
  0.841390  0.836886  0.832339  0.827748  0.823114  0.818437  
  0.813717  0.808956  0.804153  0.799309  0.794424  0.789498  
  0.784533  0.779528  0.774483  0.769400  0.764278  0.759119  
  0.753922  0.748687  0.743416  0.738109  0.732766  0.727388  
  0.721974  0.716526  0.711044  0.705528  0.699980  0.694398  
  0.688784  0.683138  0.677461  0.671754  0.666015  0.660247  
  0.654449  0.648622  0.642767  0.636883  0.630972  0.625034  
  0.619069  0.613078  0.607062  0.601020  0.594953  0.588863  
  0.582748  0.576610  0.570450  0.564267  0.558063  0.551837  
  0.545591  0.539324  0.533038  0.526732  0.520408  0.514066  
  0.507705  0.501328  0.494933  0.488523  0.482097  0.475656  
  0.469200  0.462730  0.456246  0.449749  0.443239  0.436718  
  0.430185  0.423640  0.417086  0.410521  0.403946  0.397363  
  0.390771  0.384171  0.377564  0.370949  0.364329  0.357702  
  0.351070  0.344433  0.337792  0.331147  0.324498  0.317847  
  0.311193  0.304538  0.297881  0.291224  0.284566  0.277909  
  0.271252  0.264597  0.257944  0.251293  0.244644  0.237999  
  0.231358  0.224721  0.218089  0.211463  0.204842  0.198227  
  0.191620  0.185020  0.178427  0.171843  0.165268  0.158703  
  0.152147  0.145601  0.139067  0.132543  0.126032  0.119532  
  0.113046  0.106573  0.100113  0.093668  0.087237  0.080822  
  0.074422  0.068039  0.061672  0.055322  0.048990  0.042675  
  0.036380  0.030103  0.023845  0.017607  0.011390  0.005193  
  -0.000982  -0.007136  -0.013268  -0.019377  -0.025463  -0.031526  
  -0.037565  -0.043579  -0.049569  -0.055534  -0.061473  -0.067386  
  -0.073273  -0.079133  -0.084966  -0.090771  -0.096548  -0.102296  
  -0.108016  -0.113706  -0.119367  -0.124998  -0.130598  -0.136167  
  -0.141705  -0.147212  -0.152686  -0.158128  -0.163538  -0.168914  
  -0.174257  -0.179565  -0.184840  -0.190080  -0.195286  -0.200456  
  -0.205590  -0.210688  -0.215750  -0.220776  -0.225764  -0.230716  
  -0.235629  -0.240505  -0.245343  -0.250141  -0.254901  -0.259622  
  -0.264303  -0.268945  -0.273546  -0.278107  -0.282628  -0.287107  
  -0.291545  -0.295942  -0.300297  -0.304610  -0.308880  -0.313108  
  -0.317293  -0.321435  -0.325534  -0.329589  -0.333600  -0.337567  
  -0.341490  -0.345368  -0.349201  -0.352990  -0.356733  -0.360431  
  -0.364083  -0.367689  -0.371250  -0.374764  -0.378231  -0.381653  
  -0.385027  -0.388354  -0.391634  -0.394867  -0.398052  -0.401190  
  -0.404280  -0.407322  -0.410315  -0.413261  -0.416158  -0.419006  
  -0.421806  -0.424557  -0.427259  -0.429912  -0.432516  -0.435070  
  -0.437575  -0.440031  -0.442437  -0.444793  -0.447100  -0.449357  
  -0.451563  -0.453720  -0.455826  -0.457883  -0.459889  -0.461845  
  -0.463750  -0.465606  -0.467410  -0.469164  -0.470868  -0.472521  
  -0.474124  -0.475676  -0.477177  -0.478627  -0.480027  -0.481377  
  -0.482675  -0.483923  -0.485121  -0.486267  -0.487363  -0.488408  
  -0.489403  -0.490347  -0.491241  -0.492084  -0.492877  -0.493619  
  -0.494311  -0.494953  -0.495544  -0.496085  -0.496576  -0.497017  
  -0.497408  -0.497749  -0.498040  -0.498281  -0.498473  -0.498615  
  -0.498708  -0.498751  -0.498746  -0.498691  -0.498587  -0.498434  
  -0.498232  -0.497982  -0.497683  -0.497336  -0.496940  -0.496497  
  -0.496005  -0.495466  -0.494879  -0.494244  -0.493563  -0.492834  
  -0.492058  -0.491235  -0.490366  -0.489450  -0.488488  -0.487480  
  -0.486426  -0.485326  -0.484181  -0.482991  -0.481755  -0.480475  
  -0.479150  -0.477780  -0.476367  -0.474909  -0.473408  -0.471863  
  -0.470275  -0.468644  -0.466970  -0.465253  -0.463495  -0.461694  
  -0.459851  -0.457967  -0.456042  -0.454075  -0.452068  -0.450021  
  -0.447933  -0.445806  -0.443638  -0.441432  -0.439186  -0.436902  
  -0.434579  -0.432218  -0.429820  -0.427383  -0.424910  -0.422399  
  -0.419852  -0.417269  -0.414649  -0.411994  -0.409304  -0.406578  
  -0.403818  -0.401023  -0.398195  -0.395333  -0.392437  -0.389508  
  -0.386547  -0.383553  -0.380527  -0.377470  -0.374381  -0.371262  
  -0.368112  -0.364931  -0.361721  -0.358481  -0.355212  -0.351915  
  -0.348589  -0.345234  -0.341853  -0.338444  -0.335008  -0.331545  
  -0.328057  -0.324542  -0.321002  -0.317438  -0.313848  -0.310235  
  -0.306597  -0.302936  -0.299252  -0.295546  -0.291817  -0.288066  
  -0.284294  -0.280501  -0.276687  -0.272853  -0.268998  -0.265125  
  -0.261232  -0.257321  -0.253392  -0.249444  -0.245480  -0.241498  
  -0.237500  -0.233485  -0.229455  -0.225409  -0.221349  -0.217274  
  -0.213184  -0.209082  -0.204965  -0.200836  -0.196695  -0.192541  
  -0.188376  -0.184200  -0.180013  -0.175816  -0.171608  -0.167391  
  -0.163165  -0.158931  -0.154688  -0.150438  -0.146180  -0.141915  
  -0.137643  -0.133365  -0.129082  -0.124793  -0.120500  -0.116202  
  -0.111900  -0.107594  -0.103285  -0.098974  -0.094660  -0.090344  
  -0.086027  -0.081708  -0.077389  -0.073070  -0.068750  -0.064432  
  -0.060114  -0.055798  -0.051483  -0.047171  -0.042861  -0.038555  
  -0.034252  -0.029952  -0.025657  -0.021367  -0.017082  -0.012802  
  -0.008528  -0.004261  -0.000000  

  Error absoluto máximo: 1.1191912421e-05

warning: legend: 'best' not yet implemented for location specifier, using 'northeast' instead
Gráfica guardada como grafica_edo2.png

=============================================================
  TABLA RESUMEN DE ERRORES MÁXIMOS
=============================================================
  h            | n        | Error máximo absoluto
  -------------|----------|----------------------
  1.00         | 5        | 1.3889943165e-01
  0.50         | 10       | 2.9202473600e-02
  0.20         | 25       | 4.4947562917e-03
  0.10         | 50       | 1.1201893030e-03
  0.01         | 500      | 1.1191912421e-05
=============================================================
